  No    Ref    V       B-V     U-B

 0001   447  14.879   2.212         
 0001   495  14.246   2.339         
 0001   549  14.195   2.303         
 0002   447  15.064   2.453         
 0002   495  14.473   2.473         
 0002   549  14.368   2.400         
 0003   447  15.606   2.545         
 0003   495  15.004   2.541         
 0003   549  14.882   2.429         
 0004   447  15.302   1.105         
 0004   495  14.630   1.380         
 0004   549  14.542   1.298         
 0005   447  15.442   1.192         
 0005   495  14.703   1.481         
 0005   549  14.711   1.363         
 0007   447  16.032   1.488         
 0007   495  15.361   1.578         
 0007   549  15.284   1.493         
 0008   447  15.691   1.359         
 0008   495  15.045   1.486         
 0008   549  14.950   1.372         
 0009   447  15.726   1.281         
 0009   495  15.045   1.428         
 0009   549  14.976   1.285         
 0010   447  15.810   2.479         
 0010   495  15.188   1.480         
 0010   549  15.071   1.396         
 0011   447  15.928   1.249         
 0011   495  15.279   1.564         
 0011   549  15.186   1.406         
 0012   447  15.972   1.201         
 0012   495  15.262   1.491         
 0012   549  15.191   1.358         
 0013   447  16.014   1.201         
 0013   495  15.129   1.589         
 0013   549  15.285   1.347         
 0014   495  16.226   2.630         
 0014   549  16.190   2.550         
 0015   447  17.001   3.796         
 0015   495  16.433   2.984         
 0015   549  16.345   2.898         
 0016   447  16.243   1.229         
 0016   495  15.561   1.501         
 0016   549  15.505   1.354         
 0018   447  16.199   1.153         
 0018   495  15.552   1.224         
 0018   549  15.458   1.199         
 0019   447  16.373   1.269         
 0019   495  15.666   1.557         
 0019   549  15.611   1.438         
 0020   447  16.406   2.014         
 0020   495  15.732   1.563         
 0020   549  15.650   1.436         
 0021   447  16.382   1.500         
 0021   495  15.656   1.445         
 0021   549  15.632   1.303         
 0022   447  16.871   2.905         
 0022   495  16.077   2.325         
 0022   549  16.165   2.320         
 0023   447  16.511   1.800         
 0023   495  15.887   1.600         
 0023   549  15.790   1.491         
 0024   447  16.535   1.202         
 0024   549  15.753   1.326         
 0025   447  17.882   3.493         
 0025   549  17.235   3.112         
 0026   447  16.594   1.162         
 0026   495  15.898   1.447         
 0026   549  15.842   1.317         
 0027   447  16.570   1.112         
 0027   495  15.956   1.145         
 0027   549  15.832   1.130         
 0028   495  16.101   1.509         
 0028   549  15.989   1.458         
 0029   549  17.039   2.669         
 0030   447  16.715   1.125         
 0030   495  15.955   1.309         
 0030   549  15.960   1.197         
 0031   447  16.892   1.503         
 0031   495  15.890   1.326         
 0031   549  16.180   1.434         
 0032   495  16.223   1.531         
 0032   549  16.204   1.390         
 0033   447  17.009   1.817         
 0033   495  16.319   1.646         
 0033   549  16.271   1.477         
 0034   447  16.956   1.617         
 0034   495  16.291   1.525         
 0034   549  16.201   1.377         
 0035   447  17.011   1.303         
 0035   495  16.293   1.421         
 0035   549  16.279   1.369         
 0036   447  17.038   1.271         
 0036   495  16.374   1.444         
 0036   549  16.281   1.325         
 0037   447  17.014   1.098         
 0037   495  16.342   1.332         
 0037   549  16.246   1.229         
 0038   447  17.199   1.494         
 0039   549  17.882   3.050         
 0040   447  17.942   2.738         
 0040   549  17.242   2.542         
 0041   495  16.689   1.336         
 0041   549  16.562   1.403         
 0044   549  17.655   2.531         
 0045   495  16.543   1.662         
 0046   495  16.877   1.723         
 0046   549  16.866   1.521         
 0047   549  18.235   2.922         
 0048   495  17.064   1.632         
 0048   549  16.935   1.453         
 0049   447  17.611   1.278         
 0049   549  16.854   1.312         
 0050   447  17.747   1.422         
 0050   495  16.899   1.602         
 0050   549  17.004   1.485         
 0051   495  17.148   1.483         
 0051   549  16.991   1.399         
 0052   447  17.809   2.948         
 0052   495  16.643   1.672         
 0052   549  17.067   1.482         
 0053   447  17.658   1.313         
 0053   549  16.902   1.329         
 0054   447  17.664   1.265         
 0054   495  16.982   1.420         
 0054   549  16.911   1.371         
 0055   447  17.823   1.611         
 0055   495  17.132   1.439         
 0055   549  17.073   1.357         
 0056   447  17.908   1.511         
 0056   495  17.358   1.547         
 0056   549  17.191   1.431         
 0057   447  17.982   1.390         
 0057   495  17.231   1.798         
 0057   549  17.203   1.548         
 0058   549  18.256   2.818         
 0059   447  18.042   2.643         
 0059   495  17.455   1.591         
 0059   549  17.268   1.448         
 0060   447  17.982   1.489         
 0060   495  16.909   1.622         
 0060   549  17.266   1.382         
 0061   447  18.007   1.726         
 0061   495  17.145   1.698         
 0061   549  17.279   1.407         
 0062   447  18.038   1.577         
 0062   495  17.436   1.559         
 0062   549  17.269   1.492         
 0063   447  18.240   1.876         
 0063   495  17.658   1.733         
 0063   549  17.508   1.640         
 0064   549  18.421   2.595         
 0065   495  17.659   1.447         
 0065   549  17.478   1.509         
 0067   549  17.541   1.593         
 0068   447  18.088   1.969         
 0068   495  17.153   1.539         
 0068   549  17.342   1.385         
 0069   447  18.181   1.569         
 0069   495  17.227   1.452         
 0069   549  17.478   1.481         
 0070   495  17.317   1.753         
 0070   549  17.504   1.499         
 0072   549  17.938   1.868         
 0073   549  18.572   2.609         
 0076   447  18.277   1.615         
 0076   495  17.618   1.680         
 0076   549  17.555   1.454         
 0078   447  18.306   1.693         
 0078   495  17.855   1.717         
 0078   549  17.565   1.473         
 0079   447  18.327   2.503         
 0079   495  17.708   1.456         
 0079   549  17.614   1.413         
 0080   495  18.005   1.702         
 0080   549  17.735   1.582         
 0081   495  17.325   2.032         
 0081   549  17.789   1.588         
 0083   495  17.623   1.829         
 0083   549  17.750   1.548         
 0084   447  18.443   1.767         
 0084   495  17.953   1.899         
 0084   549  17.739   1.544         
 0085   447  18.589   2.470         
 0085   495  17.918   1.894         
 0085   549  17.847   1.637         
 0086   447  18.413   2.283         
 0086   495  17.303   1.632         
 0086   549  17.708   1.444         
 0088   447  18.675   1.824         
 0088   495  17.923   1.797         
 0088   549  17.924   1.617         
 0089   447  18.696   1.983         
 0089   495  17.835   2.919         
 0089   549  17.969   1.723         
 0090   447  18.636   1.915         
 0090   549  17.937   1.677         
 0091   447  18.508   2.622         
 0091   549  17.777   1.509         
 0092   447  18.487   2.400         
 0092   549  17.732   1.467         
 0093   495  17.652   2.032         
 0093   549  17.812   1.521         
 0094   549  17.974   1.701         
 0095   447  18.625   2.291         
 0095   495  17.643   1.851         
 0095   549  17.897   1.589         
 0096   447  18.523   2.478         
 0096   495  17.474   1.627         
 0096   549  17.785   1.480         
 0097   495  18.103   1.772         
 0097   549  17.876   1.638         
 0098   549  18.233   1.870         
 0105   447  18.703   1.741         
 0105   549  17.896   1.523         
 0106   549  18.166   1.781         
 0107   549  18.192   1.734         
 0109   495  17.947   1.790         
 0109   549  17.875   1.462         
 0110   447  18.798   2.642         
 0110   549  18.026   1.571         
 0111   447  18.640   1.721         
 0111   495  18.027   1.585         
 0111   549  17.906   1.459         
 0115   549  18.993   2.216         
 0116   447  18.703   2.040         
 0116   495  17.692   1.656         
 0116   549  18.021   1.475         
 0117   549  18.064   1.482         
 0118   447  18.956   1.216         
 0118   549  18.241   1.684         
 0119   447  18.959   1.995         
 0119   495  18.178   1.452         
 0119   549  18.258   1.617         
 0120   495  18.263   1.510         
 0120   549  18.188   1.587         
 0121   549  18.275   1.708         
 0122   549  18.367   1.720         
 0123   549  18.191   1.578         
 0125   495  17.771   2.043         
 0125   549  18.171   1.546         
 0126   495  18.291   1.693         
 0126   549  18.206   1.536         
 0127   495  18.115   2.112         
 0127   549  18.271   1.556         
 0128   549  18.710   1.955         
 0131   495  18.412   1.950         
 0131   549  18.336   1.571         
 0132   447  19.232   2.506         
 0132   549  18.513   1.746         
 0133   549  18.965   2.069         
 0134   495  18.621   1.681         
 0134   549  18.517   1.700         
 0137   549  18.491   1.630         
 0138   549  18.610   1.667         
 0140   549  18.635   1.825         
 0144   549  18.547   1.731         
 0145   447  19.369   1.886         
 0145   549  18.667   1.672         
 0147   447  19.338   2.193         
 0147   549  18.634   1.640         
 0149   549  18.820   1.838         
 0150   549  19.028   2.056         
 0151   447  19.381   2.219         
 0151   549  18.646   1.709         
 0154   549  18.793   1.684         
 0155   549  18.809   1.670         
 0157   549  18.787   1.649         
 0158   549  18.856   1.653         
 0159   549  18.959   1.763         
 0160   549  18.900   1.724         
 0161   549  18.876   1.843         
 0162   549  18.856   1.679         
 0163   549  19.007   1.843         
 0164   549  19.068   1.953         
 0166   549  18.996   1.742         
 0167   549  18.951   1.667         
 0168   549  19.018   1.721         
 0169   549  19.142   1.894         
 0170   549  19.114   1.792         
 0171   549  19.212   1.954         
 0172   447  19.977   2.145         
 0172   549  19.257   1.947         
 0173   549  19.022   1.740         
 0174   549  19.310   1.922         
 0175   549  19.151   1.799         
 0176   549  19.185   1.869         
 0177   549  19.136   1.818         
 0179   549  19.038   1.743         
 0180   549  19.295   1.903         
 0181   549  19.098   2.045         
 0182   549  19.041   1.703         
 0184   549  19.421   2.037         
 0185   549  19.208   1.745         
 0186   549  19.269   1.839         
 0187   549  19.061   1.732         
 0188   549  19.180   1.708         
 0189   549  19.255   1.810         
 0191   549  19.397   1.917         
 0193   549  19.301   1.818         
 0194   549  19.448   1.848         
 0195   549  19.327   1.810         
 0197   549  19.308   1.831         
 0202   549  19.316   1.733         
 0203   549  19.285   1.765         
 0206   549  19.476   1.742         
 0207   549  19.447   1.694         
 0212   549  19.462   1.758         
 0213   549  19.565   1.881         
 0214   549  19.541   1.935         
 0215   549  19.416   1.791         
 0217   549  19.426   1.875         
 0218   549  19.580   1.893         
 0223   549  19.520   1.834         
 0225   549  19.478   1.877         
 0232   549  19.628   1.705         
 0234   549  19.534   1.803         
 0235   549  19.603   1.803         
 0236   549  19.441   1.746         
 0239   549  19.722   1.739         
 0246   549  19.689   1.823         
 0247   549  19.699   1.799         
 0262   549  19.680   1.703         
 0364   447  21.283   0.799         
 0451   447  21.764  -0.063         
 0525   447  21.830   0.133         
 0679   447  23.076  -0.643         
 0715   447  22.549   0.186         
 0748   447  23.116  -0.136         
 0782   447  22.546   0.581         
 1000   495  18.163   2.148         
 1001   495  18.211   1.867         
 1002   495  17.931   1.625         
 1005   495  17.828   1.707         
 1006   495  17.515   1.417         
 1007   495  17.012   2.156         
 1009   495  14.487   1.197         
 1010   495  16.676   1.664         
 1011   495  17.527   1.655         
 1013   495  18.228   1.739         
 1015   495  15.148   1.176         
 1016   495  16.249   1.362         
 1017   495  17.639   1.968         
 1020   495  17.433   1.703         
 1021   495  17.137   2.293         
 1023   495  17.838   1.637         
 1026   495  15.660   1.380         
 1031   495  16.552   2.082         
 1033   495  17.814   2.009         
 1036   495  15.949   1.715         
 1037   495  16.316   1.347         
 1039   495  17.163   1.459         
 1041   495  16.791   1.638         
 1046   495  17.939   1.822         
 1047   495  17.737   1.447         
 1049   495  17.924   1.830         
 1050   495  17.345   1.548         
 1054   495  17.101   2.442         
 1055   495  17.724   1.679         
 1058   495  16.552   1.479         
 1061   495  17.141   1.777         
 1063   495  17.543   2.268         
 1063   549  17.332   2.288         
 1065   495  17.187   1.967         
 1065   549  17.031   1.778         
 1067   549  18.650   1.860         
 1068   495  16.817   1.709         
 1068   549  16.736   1.562         
 1069   549  18.335   1.942         
 1070   495  17.501   2.137         
 1070   549  17.404   1.855         
 1071   549  17.761   3.218         
 1072   549  18.597   1.635         
 1073   495  15.387   1.443         
 1073   549  15.305   1.327         
 1074   495  16.730   1.607         
 1075   495  17.049   1.323         
 1075   549  16.946   1.377         
 1076   549  18.984   1.759         
 1077   495  15.773   3.043         
 1077   549  15.678   2.828         
 1078   495  17.726   1.703         
 1078   549  17.683   1.554         
 1079   495  15.941   2.177         
 1079   549  15.891   2.045         
 1080   495  15.829   1.434         
 1080   549  15.966   1.296         
 1081   549  18.583   1.700         
 1082   549  19.099   1.900         
 1083   549  17.251   1.418         
 1084   495  17.673   2.318         
 1084   549  17.470   2.373         
 1085   549  18.939   1.846         
 1086   549  17.637   1.586         
 1087   495  17.510   0.649         
 1088   495  17.995   1.856         
 1088   549  17.963   1.537         
 1090   495  16.793   1.586         
 1090   549  16.652   1.506         
 1091   495  18.078   1.451         
 1091   549  17.875   1.699         
 1092   495  17.288   2.222         
 1092   549  17.261   1.527         
 1093   549  19.294   1.860         
 1094   495  16.877   1.433         
 1094   549  16.794   1.393         
 1095   495  18.204   1.743         
 1096   495  16.902   1.945         
 1096   549  16.921   1.669         
 1097   495  16.089   1.466         
 1097   549  16.109   1.301         
 1098   549  18.750   1.600         
 1099   549  19.310   1.879         
 1100   549  19.030   1.777         
 1101   495  15.539   2.154         
 1101   549  15.566   1.909         
 1102   549  19.130   1.684         
 1103   549  19.092   1.825         
 1104   495  17.311   3.607         
 1104   549  17.230   2.934         
 1105   495  17.001   2.290         
 1105   549  16.874   2.115         
 1106   495  15.414   2.048         
 1107   549  18.270   2.423         
 1108   549  16.032   1.556         
 1109   495  18.217   1.782         
 1109   549  18.022   1.519         
 1110   495  17.936   1.683         
 1111   549  17.507   2.545         
 1112   495  17.555   1.663         
 1112   549  17.537   1.653         
 1113   549  18.318   1.813         
 1115   495  16.627   1.551         
 1115   549  16.521   1.538         
 1116   495  18.025   2.135         
 1116   549  18.201   1.818         
 1117   495  17.322   2.079         
 1117   549  17.458   1.949         
 1118   495  18.229   2.608         
 1118   549  18.421   1.660         
 1119   495  17.685   1.567         
 1119   549  17.505   1.498         
 1120   549  17.888   3.195         
 1121   495  17.769   2.477         
 1121   549  17.665   1.692         
 1122   549  19.190   1.909         
 1123   549  19.012   2.144         
 1124   495  16.355   1.547         
 1124   549  16.309   1.485         
 1125   495  15.499   1.670         
 1125   549  15.437   1.526         
 1126   549  18.126   1.846         
 1127   495  17.419   2.664         
 1127   549  17.322   2.348         
 1128   549  18.776   1.763         
 1129   549  18.508   1.710         
 1130   495  16.102   1.260         
 1130   549  16.017   1.179         
 1131   549  18.372   2.057         
 1132   495  17.451   1.806         
 1132   549  17.661   1.725         
 1133   495  15.464   2.304         
 1133   549  15.360   2.157         
 1134   549  19.047   1.869         
 1135   549  17.804   2.602         
 1136   495  17.662   1.623         
 1136   549  17.793   1.520         
 1137   495  15.977   1.791         
 1137   549  15.917   1.658         
 1138   495  17.086   1.619         
 1138   549  16.961   1.495         
 1139   495  13.793   2.002         
 1139   549  13.683   1.964         
 1140   549  19.083   1.871         
 1141   495  15.520   1.283         
 1141   549  15.463   1.182         
 1142   495  12.255   0.735         
 1142   549  12.132   0.714         
 1143   549  18.746   1.714         
 1144   495  17.672   1.991         
 1144   549  17.646   1.629         
 1145   495  17.808   2.360         
 1145   549  17.741   2.115         
 1146   495  18.075   1.552         
 1146   549  18.001   1.623         
 1149   495  16.013   1.391         
 1149   549  16.214   1.278         
 1150   549  18.782   1.710         
 1151   495  16.612   2.123         
 1151   549  16.553   1.974         
 1152   549  18.234   2.064         
 1153   495  17.395   2.191         
 1153   549  17.354   1.807         
 1154   549  18.659   1.730         
 1155   495  18.087   1.786         
 1155   549  17.985   1.758         
 1156   549  17.729   2.960         
 1157   495  16.550   1.624         
 1157   549  17.445   1.488         
 1158   549  18.221   2.961         
 1159   549  18.512   1.671         
 1160   495  15.874   1.776         
 1160   549  15.760   1.648         
 1162   495  17.803   1.907         
 1162   549  17.696   1.676         
 1163   549  17.860   2.826         
 1164   549  18.469   1.749         
 1165   495  17.979   1.928         
 1165   549  18.007   1.754         
 1166   495  18.261   1.871         
 1166   549  18.106   1.846         
 1167   495  16.379   1.597         
 1167   549  16.329   1.454         
 1168   495  17.468   1.636         
 1168   549  17.370   1.622         
 1170   495  17.228   1.561         
 1170   549  17.077   1.572         
 1171   549  18.805   1.828         
 1172   549  18.940   2.341         
 1173   495  17.603   1.480         
 1173   549  17.581   1.472         
 1174   549  18.822   1.712         
 1175   549  18.295   1.682         
 1176   495  15.951   1.678         
 1176   549  16.094   1.439         
 1177   495  17.271   1.633         
 1177   549  17.253   1.516         
 1178   495  16.842   2.441         
 1180   495  18.033   1.567         
 1180   549  18.001   1.724         
 1181   495  16.759   2.682         
 1181   549  16.745   2.648         
 1182   549  19.189   1.893         
 1183   495  16.748   2.486         
 1183   549  16.789   2.522         
 1185   495  17.622   2.496         
 1185   549  17.434   2.428         
 1186   549  17.590   2.549         
 1187   549  18.033   2.574         
 1188   495  17.153   1.542         
 1188   549  17.005   1.433         
 1189   495  18.095   1.436         
 1189   549  18.032   1.553         
 1190   549  18.758   1.661         
 1191   549  18.674   2.007         
 1196   495  16.480   1.257         
 1196   549  16.327   1.250         
 1197   549  19.097   1.949         
 1198   495  15.633   2.437         
 1198   549  15.591   2.257         
 1199   549  18.903   2.015         
 1201   549  18.454   1.753         
 1202   495  17.737   1.922         
 1202   549  17.767   1.578         
 1203   495  16.185   1.180         
 1204   549  18.295   2.491         
 1205   549  19.128   1.621         
 1206   495  16.234   1.003         
 1206   549  16.914   1.416         
 1207   549  18.159   1.855         
 1208   495  14.620   2.519         
 1209   495  16.216   1.137         
 1209   549  16.684   1.390         
 1210   549  18.830   1.752         
 1212   495  17.631   1.606         
 1212   549  17.477   1.416         
 1213   495  17.854   1.546         
 1213   549  17.709   1.638         
 1214   549  18.255   1.774         
 1215   495  15.903   1.447         
 1215   549  15.975   1.240         
 1216   495  15.285   2.275         
 1216   549  15.187   2.176         
 1217   549  18.671   1.789         
 1218   495  11.450   1.723         
 1220   495  17.299   1.601         
 1220   549  17.156   1.572         
 1221   549  18.982   1.803         
 1223   495  18.139   1.278         
 1223   549  17.967   1.521         
 1224   549  18.605   2.528         
 1226   495  16.811   1.827         
 1226   549  16.780   1.667         
 1227   495  17.624   1.476         
 1227   549  17.429   1.502         
 1228   495  16.978   1.661         
 1228   549  17.274   1.545         
 1230   549  18.212   2.694         
 1231   549  18.754   2.222         
 1232   495  17.770   1.258         
 1232   549  17.840   1.573         
 1233   549  18.588   1.809         
 1234   495  18.010   1.831         
 1234   549  18.663   1.635         
 1235   495  17.896   1.692         
 1235   549  17.705   1.499         
 1236   495  12.839   1.086         
 1236   549  12.756   1.030         
 1237   549  19.283   1.960         
 1238   495  16.611   1.976         
 1238   549  16.559   1.803         
 1239   549  18.177   2.701         
 1240   495  17.033   1.912         
 1240   549  17.125   1.467         
 1241   495  16.501   1.666         
 1241   549  16.646   1.458         
 1242   495  15.643   1.361         
 1242   549  15.564   1.260         
 1244   495  14.781   1.043         
 1244   549  14.686   1.030         
 1246   549  18.836   1.658         
 1247   495  16.042   2.081         
 1247   549  16.087   2.270         
 1249   549  18.650   1.655         
 1250   549  18.591   2.116         
 1252   495  17.508   1.573         
 1252   549  17.462   1.469         
 1253   495  17.846   1.991         
 1253   549  17.859   1.582         
 1254   495  17.715   1.523         
 1254   549  17.527   1.619         
 1255   495  17.879   2.017         
 1255   549  17.772   1.637         
 1256   549  18.465   1.762         
 1257   495  17.250   1.869         
 1258   549  18.850   1.829         
 1259   495  15.850   1.524         
 1259   549  15.767   1.388         
 1260   549  18.483   1.740         
 1261   549  18.263   1.856         
 1262   549  18.716   2.011         
 1263   549  18.701   1.646         
 1264   495  17.292   1.828         
 1264   549  17.113   1.692         
 1265   495  17.218   1.333         
 1265   549  17.052   1.469         
 1267   495  16.905   1.601         
 1267   549  16.853   1.411         
 1268   549  18.764   1.668         
 1269   495  16.978   1.692         
 1269   549  16.966   1.522         
 1270   549  18.932   1.727         
 1271   549  18.965   1.775         
 1272   495  15.935   1.463         
 1272   549  15.884   1.325         
 1273   495  16.569   1.618         
 1273   549  16.499   1.467         
 1274   495  15.387   1.270         
 1276   495  17.720   1.831         
 1276   549  18.277   1.602         
 1277   495  18.317   1.500         
 1277   549  18.071   1.537         
 1280   495  17.785   1.878         
 1281   495  18.229   1.539         
 1281   549  18.224   1.605         
 1284   549  19.062   1.852         
 1285   495  17.003   1.644         
 1285   549  16.963   1.455         
 1286   549  18.368   1.668         
 1287   495  17.194   1.983         
 1288   549  18.621   1.672         
 1289   549  17.012   3.399         
 1290   495  16.981   2.684         
 1290   549  16.946   2.515         
 1292   549  18.889   1.996         
 1293   495  17.854   2.033         
 1293   549  18.000   1.850         
 1294   495  17.186   1.743         
 1294   549  17.266   1.519         
 1295   549  18.332   1.666         
 1296   495  15.640   1.319         
 1296   549  15.551   1.208         
 1297   495  17.302   1.989         
 1297   549  17.404   1.831         
 1298   549  18.577   1.675         
 1299   495  13.738   0.968         
 1299   549  13.626   0.958         
 1301   549  18.591   1.630         
 1302   495  13.518   0.856         
 1303   549  18.233   1.700         
 1304   495  18.524   1.730         
 1304   549  18.449   1.611         
 1305   495  17.683   1.943         
 1305   549  17.862   1.691         
 1306   495  16.789   2.647         
 1306   549  16.749   2.418         
 1307   495  18.177   1.831         
 1307   549  18.108   1.573         
 1309   495  17.015   1.634         
 1309   549  16.885   1.553         
 1310   495  18.009   1.808         
 1310   549  18.090   1.538         
 1311   495  17.964   1.646         
 1311   549  17.882   1.609         
 1313   495  15.803   1.329         
 1314   495  14.434   2.625         
 1315   495  18.079   2.273         
 1315   549  17.839   1.793         
 1316   549  18.679   1.788         
 1318   549  18.667   2.010         
 1321   495  17.421   1.969         
 1321   549  17.207   1.740         
 1322   549  18.242   1.799         
 1323   495  17.802   1.945         
 1324   495  17.275   1.810         
 1324   549  17.509   1.523         
 1326   549  18.669   1.671         
 1327   495  17.817   1.529         
 1328   549  18.979   1.867         
 1329   549  18.248   1.629         
 1330   495  17.950   2.173         
 1330   549  18.009   1.513         
 1331   495  17.996   1.840         
 1332   549  19.221   1.794         
 1333   495  17.128   1.957         
 1333   549  17.469   1.782         
 1334   495  17.572   1.621         
 1334   549  17.547   1.520         
 1335   549  19.068   1.771         
 1336   549  18.826   1.701         
 1337   549  18.889   1.849         
 1338   495  17.908   2.168         
 1338   549  18.091   1.577         
 1339   495  17.517   1.874         
 1340   495  16.146   2.545         
 1340   549  16.047   2.335         
 1341   495  18.109   1.560         
 1341   549  17.963   1.591         
 1342   549  17.962   2.205         
 1343   549  18.349   2.607         
 1344   495  15.160   1.278         
 1344   549  15.622   1.164         
 1346   495  17.856   1.832         
 1346   549  17.758   1.539         
 1347   495  17.808   2.099         
 1347   549  17.926   1.699         
 1348   549  17.920   2.317         
 1349   549  18.034   2.696         
 1350   549  18.804   1.680         
 1351   495  17.889   1.714         
 1351   549  17.733   1.464         
 1352   495  17.582   1.508         
 1352   549  17.822   1.559         
 1356   549  18.568   2.437         
 1357   549  18.821   1.770         
 1359   495  17.737   2.278         
 1359   549  17.996   1.642         
 1360   495  17.474   1.681         
 1361   495  16.363   1.460         
 1361   549  16.246   1.504         
 1362   495  17.575   1.587         
 1362   549  17.880   1.500         
 1367   495  17.913   2.380         
 1367   549  17.823   1.886         
 1369   495  17.776   1.653         
 1369   549  17.868   1.643         
 1370   495  17.169   1.483         
 1370   549  17.190   1.369         
 1372   495  17.663   1.743         
 1373   495  17.417   1.323         
 1374   495  16.260   1.606         
 1374   549  16.179   1.478         
 1375   495  17.568   2.129         
 1375   549  17.634   1.669         
 1379   549  18.460   1.753         
 1381   495  17.310   0.917         
 1381   549  16.793   1.454         
 1382   549  19.003   1.760         
 1383   495  16.471   2.256         
 1383   549  16.467   1.351         
 1384   495  17.287   1.604         
 1384   549  17.171   1.450         
 1385   495  17.113   1.671         
 1385   549  17.094   1.605         
 1386   495  15.367   1.376         
 1386   549  15.297   1.271         
 1388   495  16.639   1.688         
 1389   549  18.833   1.894         
 1391   495  15.684   1.626         
 1391   549  15.583   1.526         
 1392   549  18.384   1.957         
 1395   549  18.542   1.614         
 1396   495  13.490   0.956         
 1396   549  13.357   1.007         
 1397   495  17.751   1.940         
 1397   549  18.118   1.711         
 1398   495  18.332   1.491         
 1398   549  18.085   1.615         
 1399   549  18.636   1.867         
 1401   495  17.193   1.859         
 1401   549  17.165   1.607         
 1402   495  15.745   1.905         
 1404   495  16.480   1.592         
 1404   549  16.393   1.500         
 1406   495  16.321   1.586         
 1406   549  16.303   1.474         
 1407   495  16.922   1.870         
 1408   495  17.811   1.918         
 1409   495  15.683   1.353         
 1412   495  15.906   1.411         
 1413   495  16.781   1.417         
 1413   549  16.754   1.285         
 1414   495  17.272   2.257         
 1414   549  17.160   2.086         
 1415   495  15.232   1.113         
 1415   549  15.170   1.025         
 1416   495  18.039   2.098         
 1416   549  17.967   1.896         
 1417   495  18.380   1.823         
 1417   549  18.249   1.588         
 1418   495  17.491   1.939         
 1418   549  17.805   1.536         
 1419   549  19.154   1.824         
 1420   549  17.585   2.468         
 1421   549  17.554   2.909         
 1422   549  18.857   1.756         
 1423   549  17.945   1.602         
 1424   495  17.619   1.833         
 1424   549  17.716   1.514         
 1425   495  17.421   1.568         
 1425   549  17.310   1.482         
 1426   495  18.046   1.622         
 1426   549  17.863   1.608         
 1427   495  16.504   1.460         
 1428   495  17.847   1.896         
 1429   549  18.227   2.749         
 1431   495  17.081   2.930         
 1431   549  16.984   2.590         
 1432   549  18.907   1.800         
 1433   549  18.735   1.720         
 1434   495  17.544   1.852         
 1436   495  18.222   1.770         
 1436   549  18.190   1.614         
 1437   495  17.374   2.315         
 1438   495  17.012   1.691         
 1439   495  16.941   1.794         
 1439   549  16.900   1.464         
 1444   549  18.725   1.784         
 1445   495  15.081   1.284         
 1446   549  18.470   1.639         
 1447   495  16.672   1.566         
 1447   549  16.525   1.426         
 1449   549  17.787   2.638         
 1450   549  18.609   1.723         
 1451   495  17.487  -0.516         
 1452   549  19.029   1.881         
 1453   495  18.015   1.632         
 1453   549  17.991   1.731         
 1455   495  12.681   0.684         
 1456   495  17.611   1.739         
 1457   549  18.850   1.649         
 1458   549  18.230   1.719         
 1459   549  18.860   1.719         
 1460   495  16.940   1.219         
 1460   549  17.129   1.417         
 1461   549  18.523   1.676         
 1462   495  16.660   1.811         
 1462   549  16.583   1.666         
 1464   495  11.226   0.509         
 1465   495  17.671   2.400         
 1465   549  17.498   2.135         
 1466   549  19.468   1.723         
 1467   495  14.220   2.831         
 1467   549  14.117   2.683         
 1468   495  17.994   2.198         
 1469   495  17.012   1.901         
 1472   549  19.015   2.061         
 1473   495  15.596   2.359         
 1473   549  15.517   2.240         
 1475   495  16.929   1.423         
 1475   549  17.076   2.049         
 1476   549  18.813   1.744         
 1477   495  17.234   1.745         
 1477   549  17.087   1.658         
 1478   549  18.679   1.698         
 1479   495  17.106   3.121         
 1479   549  16.976   2.926         
 1480   495  17.767   1.975         
 1481   495  16.610   1.634         
 1482   495  17.872   1.922         
 1483   549  17.050   1.468         
 1484   549  18.923   1.673         
 1485   495  16.707   1.585         
 1485   549  16.715   1.404         
 1487   549  18.469   1.931         
 1488   495  17.182   1.867         
 1489   495  18.243   0.215         
 1490   549  19.367   1.940         
 1493   495  17.821   1.641         
 1493   549  17.751   1.657         
 1494   549  18.265   1.596         
 1495   495  17.479   1.821         
 1495   549  17.406   1.459         
 1497   495  17.130   1.764         
 1499   549  19.032   1.632         
 1500   495  17.217   1.889         
 1500   549  17.520   1.452         
 1501   549  18.822   1.715         
 1502   495  16.080   1.501         
 1502   549  15.993   1.409         
 1503   495  17.773   2.100         
 1503   549  17.739   1.725         
 1504   549  19.071   1.968         
 1505   495  14.609   1.260         
 1506   549  19.252   1.775         
 1507   495  16.494   1.447         
 1507   549  16.381   1.348         
 1508   495  18.465   1.632         
 1508   549  18.205   1.569         
 1509   549  17.873   3.330         
 1510   495  16.314   1.634         
 1510   549  16.267   1.526         
 1511   549  19.364   1.869         
 1512   495  16.704   1.787         
 1512   549  16.627   1.660         
 1513   549  19.452   1.724         
 1515   549  19.218   1.728         
 1516   549  19.088   1.939         
 1517   495  15.804   1.598         
 1518   495  16.941   2.939         
 1518   549  16.833   2.735         
 1519   549  18.942   1.802         
 1520   549  18.490   1.867         
 1521   495  18.116   1.761         
 1521   549  18.151   1.604         
 1522   495  16.894   1.750         
 1522   549  16.878   1.490         
 1523   495  18.364   1.760         
 1523   549  18.200   1.681         
 1524   549  18.824   1.778         
 1525   495  16.722   1.399         
 1526   495  16.451   1.508         
 1526   549  16.363   1.391         
 1528   495  18.280   1.698         
 1528   549  18.072   1.566         
 1529   549  19.094   1.820         
 1530   495  17.002   1.757         
 1530   549  16.875   1.607         
 1531   549  18.367   1.710         
 1532   495  18.241   2.303         
 1532   549  18.404   1.664         
 1534   495  16.929   1.474         
 1534   549  16.803   1.334         
 1536   495  17.330   2.668         
 1536   549  17.229   2.506         
 1537   549  18.924   1.654         
 1538   495  17.945   2.185         
 1538   549  18.238   1.720         
 1539   549  19.013   2.222         
 1541   549  19.005   1.726         
 1542   549  19.275   1.945         
 1544   495  17.873   1.635         
 1544   549  17.876   1.511         
 1545   549  17.107   2.464         
 1546   495  17.959   1.762         
 1546   549  18.041   1.518         
 1547   495  17.098   1.722         
 1547   549  17.189   1.518         
 1548   549  18.536   1.785         
 1549   495  16.603   1.389         
 1549   549  16.513   1.293         
 1550   549  18.910   1.833         
 1551   495  17.245   1.811         
 1551   549  17.178   1.547         
 1552   495  17.500   2.232         
 1552   549  17.372   2.393         
 1553   495  15.903   1.720         
 1553   549  15.846   1.580         
 1554   495  15.759   1.204         
 1555   549  17.319   3.127         
 1556   549  18.462   1.757         
 1557   495  17.276   2.096         
 1557   549  17.332   1.706         
 1558   495  16.465   1.330         
 1558   549  16.360   1.287         
 1560   549  19.294   1.802         
 1561   495  17.063   2.681         
 1561   549  16.966   2.454         
 1564   495  18.288   1.492         
 1564   549  17.956   1.566         
 1565   549  19.508   1.825         
 1566   495  16.277   1.410         
 1566   549  16.184   1.348         
 1567   495  18.419   1.984         
 1567   549  18.805   1.854         
 1569   495  17.844   1.515         
 1571   549  18.372   1.747         
 1572   495  15.239   1.183         
 1572   549  15.161   1.107         
 1573   549  18.765   1.794         
 1574   495  14.233   1.000         
 1574   549  14.142   0.966         
 1575   549  18.651   1.800         
 1576   549  18.555   1.879         
 1577   495  15.685   1.463         
 1578   549  18.577   1.764         
 1580   495  17.018   1.554         
 1581   495  16.356   2.889         
 1581   549  16.263   2.744         
 1582   495  16.226   1.388         
 1583   495  17.507   1.767         
 1584   495  15.824   1.465         
 1584   549  15.776   1.345         
 1585   495  16.590   1.468         
 1585   549  16.556   1.387         
 1586   495  17.916   1.930         
 1586   549  17.970   1.797         
 1587   549  18.417   1.870         
 1589   549  19.060   1.896         
 1590   495  17.519   1.810         
 1590   549  17.479   1.702         
 1591   495  16.489   1.648         
 1593   495  17.781   2.363         
 1594   549  18.491   1.867         
 1595   549  18.441   1.570         
 1596   495  17.822   2.081         
 1596   549  17.809   1.952         
 1597   549  17.765   2.642         
 1599   549  19.070   1.836         
 1600   495  16.378   2.657         
 1600   549  16.272   2.427         
 1601   495  15.957   1.220         
 1601   549  15.868   1.212         
 1602   495  15.846   1.227         
 1602   549  15.805   1.170         
 1603   495  14.527   2.596         
 1603   549  14.415   2.446         
 1604   495  17.174   3.149         
 1604   549  17.101   2.878         
 1606   549  19.200   1.735         
 1607   549  19.044   1.821         
 1608   549  18.855   1.674         
 1609   549  18.866   1.685         
 1610   549  19.021   1.868         
 1611   495  15.960   1.521         
 1611   549  15.965   1.320         
 1612   495  16.420   1.608         
 1612   549  16.465   1.468         
 1613   495  14.435   2.301         
 1613   549  14.336   2.192         
 1615   549  19.251   1.794         
 1618   549  18.226   1.574         
 1619   549  18.780   1.754         
 1622   495  17.688   1.775         
 1622   549  17.838   1.727         
 1623   549  18.229   2.665         
 1624   495  17.565   2.259         
 1624   549  18.007   1.652         
 1625   549  18.359   1.734         
 1626   549  18.077   1.890         
 1627   549  18.967   1.968         
 1628   495  16.416   1.422         
 1628   549  16.271   1.447         
 1629   495  15.392   1.365         
 1629   549  15.273   1.357         
 1630   549  18.466   1.789         
 1631   495  17.571   2.136         
 1631   549  17.975   1.515         
 1632   495  18.097   1.829         
 1632   549  18.189   1.762         
 1633   549  18.686   1.937         
 1635   495  18.158   2.236         
 1635   549  18.104   1.684         
 1636   495  16.424   1.450         
 1637   549  18.760   1.748         
 1638   549  18.669   1.864         
 1639   495  14.108   1.097         
 1639   549  14.029   1.031         
 1640   495  17.003   1.439         
 1640   549  16.926   1.352         
 1641   549  18.608   1.721         
 1642   495  17.155   1.478         
 1642   549  16.994   1.452         
 1643   495  16.076   1.496         
 1643   549  16.824   1.648         
 1644   549  19.104   1.850         
 1646   495  18.024   1.601         
 1646   549  17.891   1.613         
 1647   549  18.253   1.931         
 1648   549  17.901   1.958         
 1649   495  17.350   1.532         
 1649   549  17.180   1.389         
 1650   549  17.521   2.857         
 1651   495  16.029   2.584         
 1655   495  17.074   1.421         
 1655   549  17.032   1.379         
 1656   495  18.281   1.005         
 1657   495  17.320   1.927         
 1657   549  17.221   1.741         
 1658   495  17.444   1.483         
 1658   549  17.215   1.415         
 1659   495  17.980   1.689         
 1659   549  17.841   1.588         
 1660   549  19.036   1.766         
 1661   549  17.669   3.004         
 1662   495  18.300   1.503         
 1662   549  18.012   1.704         
 1663   549  18.797   1.861         
 1664   549  18.499   1.699         
 1665   495  17.381   1.574         
 1666   495  17.530   1.736         
 1666   549  17.669   1.473         
 1667   549  17.986   1.929         
 1668   495  15.594   1.475         
 1668   549  15.492   1.378         
 1670   495  17.023   1.512         
 1670   549  17.205   1.431         
 1671   549  18.995   1.854         
 1672   495  14.465   1.066         
 1672   549  14.373   1.003         
 1673   495  17.991   1.367         
 1673   549  17.774   1.422         
 1674   495  17.976   1.920         
 1674   549  17.905   1.515         
 1675   495  18.282   1.576         
 1675   549  17.977   1.509         
 1676   495  17.413   1.948         
 1676   549  17.407   1.839         
 1677   549  18.818   2.037         
 1678   549  18.560   1.894         
 1679   495  15.231   1.618         
 1679   549  15.182   1.433         
 1680   549  19.083   2.232         
 1681   549  18.480   1.906         
 1682   495  17.740   1.699         
 1682   549  17.587   1.622         
 1683   495  15.262   2.330         
 1683   549  15.182   2.167         
 1684   495  18.043   1.992         
 1684   549  17.862   1.651         
 1685   495  18.083   1.507         
 1685   549  18.229   1.587         
 1686   549  17.719   2.378         
 1687   495  16.666   2.670         
 1688   495  17.882   1.580         
 1688   549  17.655   1.554         
 1690   495  16.316   1.329         
 1690   549  16.159   1.273         
 1692   549  18.628   1.648         
 1694   549  18.992   1.807         
 1695   549  18.274   1.667         
 1696   495  16.364   1.496         
 1696   549  16.308   1.428         
 1697   549  19.186   2.005         
 1698   549  18.606   2.644         
 1699   549  18.830   1.837         
 1700   495  17.180   1.708         
 1700   549  17.434   1.571         
 1701   549  18.848   1.978         
 1702   549  18.851   1.747         
 1704   495  18.509   1.827         
 1704   549  18.186   1.687         
 1705   549  19.028   1.732         
 1707   549  19.453   1.674         
 1710   495  17.318   1.705         
 1710   549  17.287   1.487         
 1712   549  18.074   3.081         
 1713   549  18.179   1.903         
 1714   495  17.588   1.494         
 1715   549  17.523   3.131         
 1716   549  17.653   2.936         
 1717   549  18.908   1.688         
 1721   495  14.361   1.022         
 1721   549  14.262   0.989         
 1722   495  15.953   1.579         
 1722   549  15.875   1.428         
 1723   549  18.639   1.773         
 1724   549  18.560   1.678         
 1725   549  18.066   2.238         
 1726   495  16.703   1.884         
 1726   549  16.637   1.686         
 1728   549  18.573   1.655         
 1729   495  17.981   1.815         
 1729   549  17.743   1.605         
 1731   549  18.746   1.839         
 1732   495  16.776   1.544         
 1732   549  16.743   1.357         
 1733   549  18.652   1.734         
 1734   549  18.847   1.802         
 1735   549  18.457   1.842         
 1736   495  18.214   1.752         
 1736   549  18.151   1.653         
 1737   549  18.204   1.727         
 1738   495  17.892   1.967         
 1738   549  17.931   1.678         
 1740   549  19.152   1.774         
 1741   549  18.346   1.874         
 1742   549  18.838   1.689         
 1743   549  18.864   1.991         
 1744   495  16.134   1.235         
 1744   549  16.093   1.184         
 1745   495  11.311   0.607         
 1746   495  17.678   1.610         
 1747   549  18.425   1.892         
 1748   495  17.473   2.903         
 1748   549  17.378   2.307         
 1749   549  18.237   1.814         
 1751   495  15.410   2.453         
 1751   549  15.308   2.286         
 1752   495  16.822   1.794         
 1753   549  18.681   1.678         
 1754   495  16.478   1.603         
 1754   549  16.474   1.425         
 1756   495  12.984   0.908         
 1756   549  12.878   0.883         
 1757   495  18.213   2.193         
 1757   549  18.020   1.661         
 1758   549  18.626   1.762         
 1759   495  17.849   1.737         
 1759   549  17.834   1.516         
 1760   495  17.686   1.498         
 1761   549  18.065   1.943         
 1762   495  16.456   1.384         
 1762   549  16.350   1.322         
 1763   495  14.763   0.985         
 1763   549  14.668   0.964         
 1764   495  16.829   2.644         
 1764   549  16.815   2.270         
 1765   549  18.695   1.926         
 1766   549  18.354   1.708         
 1767   495  17.929   1.800         
 1767   549  17.762   1.685         
 1768   549  18.320   1.718         
 1769   495  17.336   1.279         
 1769   549  17.146   1.411         
 1770   549  18.840   1.796         
 1771   549  17.326   3.288         
 1772   549  19.285   1.862         
 1773   549  17.838   1.577         
 1774   549  18.801   1.720         
 1776   495  18.298   1.856         
 1776   549  18.054   1.732         
 1777   549  18.512   1.710         
 1778   549  18.619   2.031         
 1779   495  16.731   2.412         
 1779   549  16.605   2.331         
 1780   495  18.329   1.805         
 1780   549  18.133   1.650         
 1781   495  17.063   1.461         
 1781   549  16.962   1.455         
 1782   495  14.862   1.019         
 1782   549  14.772   0.955         
 1783   495  16.530   1.323         
 1783   549  16.385   1.287         
 1784   495  17.303   1.509         
 1784   549  17.268   1.340         
 1785   549  18.858   1.840         
 1786   549  19.202   1.845         
 1788   549  18.399   1.573         
 1789   549  18.972   1.734         
 1790   549  18.601   1.890         
 1791   549  18.821   1.827         
 1792   495  17.362   1.679         
 1792   549  17.594   1.519         
 1794   549  18.766   1.933         
 1795   549  18.966   1.951         
 1796   495  17.733   1.329         
 1798   495  17.313   2.378         
 1798   549  17.179   2.274         
 1799   549  19.090   1.894         
 1800   549  18.693   1.709         
 1801   549  19.270   1.948         
 1802   495  18.133   2.069         
 1802   549  18.053   1.573         
 1803   495  16.897   1.675         
 1803   549  17.452   1.541         
 1804   549  18.645   1.747         
 1805   495  18.234   1.624         
 1805   549  18.080   1.683         
 1806   495  16.651   1.322         
 1806   549  16.624   1.315         
 1807   549  18.242   2.560         
 1808   549  18.010   1.903         
 1809   495  16.716   1.429         
 1809   549  16.591   1.419         
 1810   549  18.287   1.617         
 1811   549  18.181   2.748         
 1812   495  16.446   3.108         
 1812   549  16.385   2.878         
 1813   495  16.539   1.301         
 1813   549  16.447   1.226         
 1814   495  18.129   1.623         
 1814   549  17.863   1.748         
 1816   495  17.856   1.957         
 1816   549  18.083   1.701         
 1818   495  17.935   2.179         
 1818   549  17.905   1.750         
 1820   549  18.635   1.619         
 1821   495  17.243   1.872         
 1821   549  17.140   1.719         
 1823   495  16.371   2.876         
 1823   549  16.243   2.594         
 1824   549  18.522   1.656         
 1825   549  18.734   1.692         
 1826   495  16.644   1.352         
 1826   549  16.571   1.283         
 1827   549  18.213   1.671         
 1830   549  19.092   1.691         
 1831   549  18.580   1.743         
 1832   549  19.122   1.671         
 1833   495  17.090   1.551         
 1833   549  17.048   1.436         
 1834   549  18.851   1.710         
 1835   549  18.944   1.733         
 1836   495  16.821   1.809         
 1836   549  17.001   1.447         
 1837   549  18.309   2.938         
 1838   549  18.229   1.690         
 1839   549  18.323   1.750         
 1840   495  18.113   1.796         
 1840   549  17.990   1.617         
 1841   549  18.736   1.798         
 1842   549  18.539   1.871         
 1843   549  18.771   1.779         
 1844   495  18.206   1.793         
 1844   549  18.045   1.742         
 1845   495  16.998   1.900         
 1845   549  16.918   1.804         
 1846   495  17.433   2.215         
 1846   549  17.421   2.038         
 1847   495  16.272   1.431         
 1847   549  16.171   1.327         
 1848   549  18.421   1.845         
 1849   549  18.339   1.851         
 1850   495  15.603   1.422         
 1850   549  15.539   1.305         
 1851   495  17.586   1.532         
 1851   549  17.475   1.480         
 1853   549  17.588   1.707         
 1854   549  18.260   2.803         
 1855   549  18.819   1.823         
 1856   495  17.519   1.886         
 1856   549  17.781   1.643         
 1857   495  16.572   1.333         
 1857   549  16.392   1.342         
 1858   549  18.665   2.529         
 1859   495  17.708   1.744         
 1859   549  17.666   1.510         
 1860   549  18.353   1.760         
 1861   495  14.130   0.994         
 1861   549  14.034   0.954         
 1862   549  18.636   1.967         
 1863   549  18.544   1.797         
 1864   549  18.166   2.477         
 1865   549  19.012   1.770         
 1866   549  18.034   1.581         
 1867   495  18.087   2.120         
 1867   549  18.053   1.737         
 1868   549  18.847   2.099         
 1869   549  18.600   2.220         
 1870   549  18.442   1.702         
 1871   549  18.333   1.658         
 1873   549  18.200   1.734         
 1874   549  18.641   2.012         
 1875   549  18.409   1.916         
 1876   549  17.792   3.327         
 1877   549  17.635   2.540         
 1878   549  18.458   1.687         
 1879   495  15.796   2.537         
 1879   549  15.719   2.395         
 1880   549  18.042   2.198         
 1883   549  18.305   1.820         
 1884   495  15.204   1.151         
 1884   549  15.403   1.268         
 1885   495  16.460   1.671         
 1885   549  16.392   1.570         
 1886   549  18.700   1.872         
 1887   495  14.111   1.111         
 1887   549  14.034   1.028         
 1888   495  13.494   1.313         
 1888   549  13.379   1.303         
 1889   495  16.718   1.967         
 1889   549  16.608   1.636         
 1890   495  17.428   1.631         
 1890   549  17.276   1.542         
 1891   495  17.368   1.801         
 1891   549  17.369   1.629         
 1896   495  17.519   1.668         
 1896   549  17.387   1.547         
 1897   495  17.633   1.807         
 1897   549  17.648   1.667         
 1898   495  17.151   1.735         
 1898   549  17.076   1.649         
 1899   495  17.135   2.038         
 1899   549  17.634   1.778         
 1900   549  19.040   1.983         
 1901   495  17.837   1.461         
 1901   549  17.598   1.492         
 1902   549  18.756   1.849         
 1903   549  18.606   1.798         
 1905   549  19.020   1.962         
 1906   549  18.648   1.747         
 1907   549  18.331   1.743         
 1908   495  12.584   0.747         
 1908   549  12.487   0.696         
 1909   549  18.802   1.773         
 1910   549  18.935   1.899         
 1911   549  18.581   2.058         
 1912   549  18.518   1.778         
 1914   495  14.918   2.264         
 1914   549  14.827   2.140         
 1915   495  18.164   1.359         
 1920   495  15.633   2.721         
 1922   495  15.915   2.902         
 1923   495  17.831   1.957         
 1928   495  13.105   1.272         
 1930   495  16.688   1.911         
 1933   495  15.116   1.143         
 1936   495  17.986   2.055         
 2000   549  19.029   1.713         
 2007   549  18.347   1.705         
 2013   549  19.300   1.676         
 2015   549  19.051   1.843         
 2021   549  19.630   1.674         
 2022   549  18.825   1.745         
 2028   549  18.453   1.688         
 2033   549  19.243   1.663         
 2038   549  17.710   1.472         
 2040   549  17.625   1.549         
 2045   549  19.413   1.736         
 2047   549  17.575   1.606         
 2069   549  18.203   1.692         
 2083   549  19.343   1.766         
 2100   549  18.733   1.606         
 2122   549  17.937   1.865         
 2125   549  19.151   1.850         
 2128   549  18.885   1.662         
 2137   549  16.065   2.143         
 2170   549  19.292   1.611         
 2180   549  18.918   1.806         
 2215   549  18.865   1.722         
 2219   549  19.113   1.759         
 2257   549  18.666   2.002         
 2278   549  19.013   1.705         
 2302   549  18.106   1.593         
 2309   549  19.423   1.929         
 2365   549  19.386   1.886         
 2384   549  18.227   1.649         
 2398   549  19.102   1.823         
 2411   549  17.593   2.549         
 2432   549  17.300   2.578         
 2442   549  18.961   1.767         
 2455   549  17.500   1.875         
 2465   549  18.702   1.956         
 2479   549  18.933   2.223         
 2503   549  19.433   1.864         
 2506   549  19.501   1.931         
 2540   549  19.363   2.068         
 2550   549  19.277   1.978         
 2564   549  18.476   1.765         
 2602   549  19.546   1.685         
 2605   549  19.010   2.048         
 2615   549  19.588   1.825         
 2617   549  19.352   1.957         
 2620   549  18.906   2.116         
 2622   549  19.465   2.020         
 2670   549  18.825   1.730         
 2676   549  19.423   1.689         
 2682   549  17.431   1.673         
 2690   549  18.974   1.830         
 2696   549  19.299   1.837         
 2700   549  19.150   1.773         
 2705   549  19.504   1.957         
 2715   549  19.267   1.837         
 2735   549  19.119   1.991         
 2762   549  19.362   1.905         
 2767   549  19.308   1.724         
 2790   549  19.146   1.727         
 2791   549  19.134   1.889         
 2813   549  19.617   1.726         
 2816   549  19.129   1.851         
 2823   549  18.281   2.183         
 2824   549  17.580   1.572         
 2829   549  17.981   2.551         
 2845   549  18.879   1.698         
 2851   549  18.563   1.882         
 2871   549  19.440   1.834         
 2906   549  19.201   1.769         
 2913   549  19.079   1.813         
 2926   549  18.978   1.707         
 2989   549  19.582   1.737         
 2990   549  19.198   1.908         
 3001   549  19.460   1.762         
 3003   549  18.600   1.915         
 3010   549  19.438   1.911         
 3019   549  18.683   2.194         
 3035   549  19.442   1.852         
 3043   549  19.155   1.868         
 3051   549  19.096   2.084         
 3059   549  18.272   1.916         
 3060   549  19.478   1.800         
 3080   549  19.298   2.027         
 3091   549  18.815   1.746         
 3099   549  19.033   1.791         
 3104   549  19.431   1.750         
 3105   549  19.126   1.827         
 3107   549  18.903   1.883         
 3114   549  18.859   2.015         
 3124   549  18.828   1.701         
 3127   549  15.952   1.183         
 3135   549  19.491   1.870         
 3176   549  19.177   1.788         
 3178   549  17.115   2.493         
 3180   549  18.742   1.827         
 3181   549  19.378   1.870         
 3182   549  19.327   1.840         
 3195   549  18.927   2.042         
 3209   549  18.730   1.640         
 3221   549  19.601   1.761         
 3222   549  19.552   1.857         
 3231   549  19.559   1.807         
 3262   549  19.316   1.924         
 3280   549  18.719   1.666         
 3281   549  18.664   1.871         
 3286   549  18.962   1.737         
 3288   549  19.248   1.860         
 3307   549  19.574   1.829         
 3337   549  19.053   1.882         
 3341   549  18.969   1.848         
 3377   549  19.094   1.770         
 3397   549  19.387   1.981         
 3415   549  18.086   2.710         
 3428   549  19.512   1.743         
 3446   549  19.573   1.797         
 3447   549  19.086   1.930         
 3452   549  17.377   3.193         
 3453   549  18.110   1.578         
 3468   549  18.954   1.609         
 3490   549  18.165   3.157         
 3498   549  19.325   1.792         
 3524   549  18.449   2.073         
 3544   549  19.476   1.801         
 3547   549  19.315   1.806         
 3549   549  19.395   1.797         
 3559   549  19.511   1.840         
 3580   549  19.506   1.906         
 3603   549  19.573   1.809         
 3635   549  19.212   1.791         
 3645   549  18.253   2.812         
 3648   549  19.355   1.910         
 3659   549  19.395   1.772         
 3670   549  19.047   1.678         
 3682   549  18.363   1.768         
 3710   549  19.331   1.632         
 3714   549  19.480   1.799         
 3727   549  18.498   1.883         
 3733   549  19.273   1.955         
 3764   549  19.265   1.928         
 3769   549  18.845   2.283         
 3770   549  19.649   1.791         
 3790   549  19.390   1.903         
 3799   549  19.322   1.773         
 3810   549  19.266   1.814         
 3841   549  19.509   1.784         
 3854   549  19.685   1.840         
 3873   549  19.580   1.905         
 3885   549  18.612   1.734         
 3915   549  19.454   1.732         
 3955   549  19.391   1.875         
 3974   549  18.999   1.828         
 3976   549  18.612   2.519         
 3978   549  19.472   1.827         
 4009   549  19.640   1.804         
 4014   549  19.419   1.835         
 4029   549  19.407   1.811         
 4058   549  19.446   1.773         
 4074   549  19.334   1.833         
 4077   549  19.483   1.807         
 4091   549  19.411   1.859         
 4096   549  18.795   1.673         
 4104   549  16.659   1.460         
 4107   549  19.268   1.730         
 4109   549  19.593   1.811         
 4123   549  19.471   1.899         
 4144   549  19.245   1.917         
 4160   549  18.928   1.755         
 4175   549  19.422   1.891         
 4195   549  19.500   1.835         
 4199   549  19.310   1.920         
 4212   549  19.606   1.689         
 4215   549  19.051   2.090         
 4229   549  18.660   1.791         
 4240   549  19.130   2.101         
 4243   549  19.360   1.805         
 4248   549  18.869   1.818         
 4253   549  19.135   1.693         
 4278   549  19.390   1.620         
 4285   549  19.180   1.635         
 4311   549  19.296   1.910         
 4312   549  19.008   1.779         
 4315   549  19.497   1.811         
 4319   549  19.439   1.774         
 4332   549  18.513   1.918         
 4334   549  19.096   2.038         
 4353   549  18.449   1.944         
 4355   549  16.680   1.310         
 4381   549  19.186   1.812         
 4384   549  19.637   1.788         
 4389   549  19.114   1.717         
 4392   549  19.341   1.865         
 4423   549  18.137   1.698         
 4429   549  18.713   1.714         
 4463   549  19.559   1.711         
 4467   549  19.400   1.868         
 4473   549  19.479   1.690         
 4484   549  18.509   1.723         
 4486   549  18.649   1.696         
 4500   549  18.359   1.937         
 4501   549  19.402   1.842         
 4509   549  19.450   1.718         
 4521   549  19.093   1.836         
 4537   549  19.210   1.743         
 4539   549  18.487   2.417         
 4551   549  18.708   1.940         
 4553   549  19.246   1.800         
 4584   549  18.088   1.653         
 4585   549  18.993   2.071         
 4589   549  19.171   2.088         
 4622   549  19.261   1.780         
 4642   549  19.516   1.751         
 4656   549  18.971   1.803         
 4659   549  19.256   1.681         
 4670   549  18.802   1.753         
 4675   549  19.470   1.772         
 4681   549  19.374   1.776         
 4682   549  19.607   1.862         
 4690   549  18.800   1.688         
 4723   549  19.552   1.860         
 4763   549  19.434   1.888         
 4785   549  18.309   1.544         
 4830   549  18.790   1.811         
 4843   549  18.505   1.920         
 4846   549  17.621   1.568         
 4847   549  17.513   1.698         
 4857   549  19.268   2.027         
 4860   549  19.131   1.798         
 4862   549  19.477   1.798         
 4876   549  19.408   1.939         
 4883   549  19.572   1.747         
 4897   549  19.452   1.812         
 4898   549  19.523   1.806         
 4912   549  19.044   1.874         
 4920   549  19.591   1.836         
 4925   549  19.475   2.086         
 4956   549  19.000   1.895         
 4972   549  19.405   1.821         
 4992   549  19.423   1.903         
 4993   549  18.166   2.318         
 4995   549  19.100   1.783         
 5002   549  19.159   1.957         
 5004   549  19.377   1.838         
 5012   549  18.060   2.100         
 5024   549  19.078   1.988         
 5043   549  19.568   1.866         
 5062   549  19.442   1.865         
 5063   549  19.305   1.911         
 5068   549  19.428   1.986         
 5070   549  19.597   1.795         
 5104   549  19.423   1.881         
 5129   549  21.099   0.364         
 5132   549  19.451   1.839         
 5149   549  18.402   1.761         
 5155   549  18.925   2.079         
 5174   549  19.152   1.926         
 5175   549  18.427   1.598         
 5181   549  18.110   1.952         
 5184   549  18.688   1.681         
 5198   549  18.991   1.747         
 5202   549  19.357   1.722         
 5208   549  18.671   1.666         
 5241   549  19.272   1.831         
 5252   549  19.505   1.870         
 5257   549  19.534   1.962         
 5275   549  19.287   1.743         
 5295   549  18.723   1.818         
 5296   549  19.234   1.777         
 5299   549  19.474   1.800         
 5316   549  18.921   1.763         
 5327   549  19.430   1.784         
 5350   549  19.504   1.728         
 5354   549  18.407   2.578         
 5369   549  19.179   1.977         
 5376   549  19.421   1.814         
 5379   549  18.820   1.803         
 5384   549  19.175   2.088         
 5400   549  18.579   1.918         
 5410   549  19.290   1.735         
 5417   549  18.476   1.724         
 5419   549  18.664   1.696         
 5422   549  19.389   1.814         
 5428   549  19.362   1.777         
 5432   549  18.222   1.712         
 5435   549  19.743   1.829         
 5436   549  19.526   1.763         
 5452   549  19.112   1.820         
 5456   549  19.008   1.784         
 5458   549  19.443   1.766         
 5467   549  19.132   1.817         
 5471   549  18.708   1.836         
 5478   549  18.777   1.932         
 5495   549  19.409   1.984         
 5501   549  19.515   1.833         
 5527   549  18.892   1.740         
 5528   549  17.480   1.698         
 5555   549  19.217   2.284         
 5560   549  19.260   1.844         
 5572   549  18.999   1.780         
 5577   549  19.241   1.737         
 5607   549  16.644   2.293         
 5618   549  19.311   1.855         
 5632   549  19.403   1.800         
 5634   549  19.575   1.833         
 5640   549  19.497   1.907         
 5651   549  19.269   1.839         
 5657   549  17.876   1.503         
 5686   549  12.557   0.714         
 5692   549  18.316   1.631         
 5726   549  19.205   1.730         
 5727   549  17.827   1.712         
 5753   549  19.326   1.780         
 5767   549  18.842   1.877         
 5806   549  19.402   1.836